[0m [0m [0m [0m [0m [0m [0m [0m [0m [0m [0m [0m [0m [0m [38;2;107;110;114m[48;2;140;123;84m▀[38;2;98;98;101m[48;2;110;100;79m▀[0m [0m [0m [49m[38;2;110;102;83m▄[49m[38;2;69;66;66m▄[0m [0m [0m [0m [0m [0m [0m [0m [0m [0m [0m [0m [0m[0m
[0m [0m [0m [0m [0m [0m [49m[38;2;84;89;104m▄[0m [49m[38;2;113;112;105m▄[38;2;44;54;75m[48;2;239;213;144m▀[38;2;35;47;81m[48;2;229;216;175m▀[38;2;168;162;142m[48;2;250;212;111m▀[38;2;214;203;163m[48;2;240;195;94m▀[38;2;201;190;165m[48;2;222;181;105m▀[38;2;230;202;126m[48;2;247;201;89m▀[38;2;218;176;75m[48;2;254;209;89m▀[38;2;199;163;86m[48;2;255;214;88m▀[38;2;208;174;88m[48;2;239;187;75m▀[38;2;198;160;84m[48;2;246;197;85m▀[38;2;114;94;67m[48;2;239;197;84m▀[38;2;35;36;59m[48;2;203;161;78m▀[49m[38;2;63;56;58m▄[49m[38;2;128;107;71m▄[49m[38;2;116;100;72m▄[0m [0m [0m [0m [0m [0m [0m [0m [0m [0m[0m
[0m [0m [0m [0m [0m [49m[38;2;86;83;77m▄[38;2;168;154;122m[48;2;218;196;125m▀[38;2;167;160;137m[48;2;255;222;131m▀[38;2;215;187;133m[48;2;216;171;92m▀[38;2;248;208;111m[48;2;224;187;114m▀[38;2;255;210;83m[48;2;234;187;80m▀[38;2;243;196;81m[48;2;249;206;90m▀[38;2;226;186;106m[48;2;249;207;94m▀[38;2;229;195;126m[48;2;240;194;81m▀[38;2;218;168;72m[48;2;235;190;85m▀[38;2;249;206;88m[48;2;245;201;85m▀[38;2;228;184;90m[48;2;233;190;92m▀[38;2;199;156;104m[48;2;233;198;123m▀[38;2;202;152;71m[48;2;210;158;71m▀[38;2;255;212;90m[48;2;250;207;89m▀[38;2;234;186;84m[48;2;231;185;85m▀[38;2;226;183;101m[48;2;243;203;103m▀[38;2;254;205;83m[48;2;253;213;90m▀[38;2;106;88;67m[48;2;203;171;87m▀[49m[38;2;50;50;64m▄[49m[38;2;43;57;79m▄[49m[38;2;152;138;104m▄[49m[38;2;150;138;106m▄[49m[38;2;96;96;85m▄[0m [0m [0m [0m [0m[0m
[0m [0m [49m[38;2;51;62;83m▄[49m[38;2;136;120;86m▄[38;2;75;77;80m[48;2;132;121;100m▀[38;2;242;211;131m[48;2;207;188;129m▀[38;2;255;232;135m[48;2;198;162;76m▀[38;2;236;190;80m[48;2;251;207;88m▀[38;2;220;176;91m[48;2;247;202;85m▀[38;2;243;204;104m[48;2;247;202;83m▀[38;2;241;195;83m[48;2;248;205;88m▀[38;2;248;204;88m[48;2;247;203;87m▀[38;2;247;202;86m[48;2;246;202;87m▀[38;2;247;203;88m[48;2;253;209;88m▀[38;2;251;206;88m[48;2;237;194;84m▀[38;2;255;213;90m[48;2;189;155;74m▀[38;2;255;212;87m[48;2;210;175;85m▀[38;2;240;194;78m[48;2;255;211;90m▀[38;2;238;192;83m[48;2;250;206;88m▀[38;2;249;205;88m[48;2;247;203;86m▀[38;2;240;195;86m[48;2;243;199;89m▀[38;2;204;152;68m[48;2;217;181;120m▀[38;2;211;159;70m[48;2;209;157;71m▀[38;2;255;219;91m[48;2;245;202;87m▀[38;2;180;143;75m[48;2;252;206;93m▀[38;2;42;41;55m[48;2;174;137;74m▀[38;2;203;159;82m[48;2;81;68;59m▀[38;2;255;218;117m[48;2;211;160;75m▀[38;2;113;104;83m[48;2;103;85;62m▀[0m [0m [0m [0m [0m[0m
[0m [0m [0m [38;2;63;65;73m[48;2;146;128;84m▀[38;2;168;143;87m[48;2;52;53;66m▀[38;2;92;98;111m[48;2;160;160;154m▀[38;2;18;28;62m[48;2;24;33;64m▀[38;2;140;119;72m[48;2;11;19;52m▀[38;2;249;205;89m[48;2;231;191;86m▀[38;2;247;203;89m[48;2;250;204;83m▀[38;2;246;203;88m[48;2;244;200;83m▀[38;2;246;202;88m[48;2;247;202;84m▀[38;2;245;203;88m[48;2;255;223;91m▀[38;2;233;194;85m[48;2;190;155;72m▀[38;2;142;127;93m[48;2;55;62;85m▀[38;2;78;82;105m[48;2;159;159;149m▀[38;2;16;23;55m[48;2;0;2;46m▀[38;2;169;143;79m[48;2;34;36;53m▀[38;2;250;206;88m[48;2;248;203;85m▀[38;2;247;203;87m[48;2;247;203;87m▀[38;2;244;200;87m[48;2;246;202;87m▀[38;2;213;165;80m[48;2;252;209;87m▀[38;2;242;199;87m[48;2;255;211;88m▀[38;2;255;213;88m[48;2;174;141;72m▀[38;2;248;206;109m[48;2;94;75;54m▀[38;2;222;163;71m[48;2;217;165;72m▀[38;2;135;107;65m[48;2;195;145;66m▀[38;2;53;52;64m[48;2;58;55;64m▀[49m[38;2;82;70;61m▀[0m [0m [0m [0m [0m[0m
[38;2;110;112;116m[48;2;135;119;82m▀[38;2;180;160;116m[48;2;152;132;85m▀[38;2;54;52;56m[48;2;150;137;109m▀[38;2;229;192;90m[48;2;245;216;153m▀[38;2;56;56;61m[48;2;192;168;127m▀[38;2;0;0;35m[48;2;45;47;63m▀[38;2;8;21;58m[48;2;37;45;69m▀[38;2;37;43;64m[48;2;180;165;131m▀[38;2;230;194;103m[48;2;242;213;150m▀[38;2;255;222;142m[48;2;207;185;140m▀[38;2;255;221;140m[48;2;201;184;146m▀[38;2;232;202;132m[48;2;92;91;97m▀[38;2;167;145;96m[48;2;178;161;130m▀[38;2;206;178;108m[48;2;246;225;162m▀[38;2;3;13;49m[48;2;139;128;109m▀[38;2;0;0;38m[48;2;31;33;59m▀[38;2;11;25;64m[48;2;55;60;79m▀[38;2;53;60;78m[48;2;203;178;140m▀[38;2;244;207;112m[48;2;243;217;157m▀[38;2;246;201;82m[48;2;247;211;112m▀[38;2;251;206;89m[48;2;238;194;83m▀[38;2;218;180;85m[48;2;110;94;67m▀[38;2;71;59;55m[48;2;181;154;95m▀[38;2;111;109;108m[48;2;224;201;146m▀[38;2;164;152;135m[48;2;253;208;118m▀[38;2;95;82;67m[48;2;142;115;77m▀[38;2;216;159;66m[48;2;82;70;61m▀[38;2;132;103;64m[48;2;217;165;79m▀[49m[38;2;71;60;58m▄[49m[38;2;35;46;73m▄[38;2;70;80;101m[48;2;207;179;110m▀[38;2;189;177;140m[48;2;255;210;100m▀[38;2;116;114;111m[48;2;214;170;87m▀[49m[38;2;65;63;69m▄[0m
[38;2;143;132;109m[48;2;126;108;84m▀[38;2;107;103;93m[48;2;100;91;79m▀[38;2;162;128;117m[48;2;162;136;123m▀[38;2;251;174;152m[48;2;250;179;150m▀[38;2;236;163;143m[48;2;231;161;142m▀[38;2;231;176;144m[48;2;238;184;149m▀[38;2;230;207;150m[48;2;243;218;157m▀[38;2;255;228;162m[48;2;243;216;154m▀[38;2;187;167;129m[48;2;225;205;154m▀[38;2;41;46;66m[48;2;219;206;169m▀[38;2;86;92;103m[48;2;255;232;167m▀[38;2;37;44;66m[48;2;145;132;112m▀[38;2;250;223;158m[48;2;143;130;108m▀[38;2;246;219;157m[48;2;245;219;157m▀[38;2;243;218;156m[48;2;240;216;155m▀[38;2;233;204;150m[48;2;242;208;154m▀[38;2;228;162;140m[48;2;237;171;146m▀[38;2;239;164;144m[48;2;233;165;144m▀[38;2;235;168;145m[48;2;235;165;143m▀[38;2;240;207;154m[48;2;239;202;152m▀[38;2;243;207;112m[48;2;242;218;157m▀[38;2;236;194;83m[48;2;255;218;100m▀[38;2;249;203;94m[48;2;238;195;92m▀[38;2;218;171;92m[48;2;215;174;104m▀[38;2;236;201;126m[48;2;246;217;146m▀[38;2;208;180;140m[48;2;207;182;149m▀[38;2;65;54;56m[48;2;74;60;57m▀[38;2;232;176;78m[48;2;216;166;78m▀[38;2;117;94;64m[48;2;216;168;84m▀[38;2;153;120;71m[48;2;192;135;61m▀[38;2;236;181;75m[48;2;217;167;74m▀[38;2;192;139;62m[48;2;248;206;90m▀[38;2;233;181;77m[48;2;255;211;90m▀[38;2;104;92;69m[48;2;98;85;66m▀[0m
[38;2;130;109;76m[48;2;93;100;113m▀[38;2;104;91;73m[48;2;37;38;65m▀[38;2;164;156;131m[48;2;179;163;131m▀[38;2;255;227;160m[48;2;253;225;159m▀[38;2;238;212;154m[48;2;238;212;152m▀[38;2;241;217;155m[48;2;241;214;155m▀[38;2;240;215;155m[48;2;241;215;156m▀[38;2;240;213;153m[48;2;246;232;187m▀[38;2;250;236;192m[48;2;248;241;208m▀[38;2;253;243;203m[48;2;248;241;206m▀[38;2;245;229;184m[48;2;249;243;210m▀[38;2;251;235;189m[48;2;248;242;209m▀[38;2;205;188;148m[48;2;255;250;212m▀[38;2;241;215;153m[48;2;244;226;177m▀[38;2;241;215;155m[48;2;240;213;151m▀[38;2;240;216;155m[48;2;241;215;156m▀[38;2;240;215;155m[48;2;241;215;156m▀[38;2;241;213;155m[48;2;241;216;156m▀[38;2;240;214;155m[48;2;241;215;155m▀[38;2;244;219;156m[48;2;241;213;153m▀[38;2;230;206;153m[48;2;244;219;159m▀[38;2;130;113;79m[48;2;163;159;147m▀[38;2;236;191;85m[48;2;103;91;73m▀[38;2;234;191;108m[48;2;211;184;128m▀[38;2;234;188;103m[48;2;203;177;125m▀[38;2;176;147;102m[48;2;80;70;62m▀[38;2;64;57;60m[48;2;169;134;76m▀[38;2;219;169;82m[48;2;227;174;83m▀[38;2;211;166;87m[48;2;105;89;68m▀[38;2;194;137;61m[48;2;133;102;65m▀[38;2;221;170;72m[48;2;221;163;70m▀[38;2;243;200;88m[48;2;207;154;65m▀[38;2;255;208;88m[48;2;209;159;73m▀[38;2;99;85;65m[48;2;78;74;73m▀[0m
[0m [49m[38;2;104;106;111m▄[38;2;188;176;158m[48;2;240;219;179m▀[38;2;255;233;175m[48;2;255;246;209m▀[38;2;239;214;156m[48;2;246;234;194m▀[38;2;245;229;184m[48;2;249;237;198m▀[38;2;249;239;202m[48;2;250;244;213m▀[38;2;249;241;206m[48;2;249;242;207m▀[38;2;249;241;206m[48;2;249;241;206m▀[38;2;249;241;205m[48;2;249;241;206m▀[38;2;249;241;205m[48;2;249;241;206m▀[38;2;249;240;205m[48;2;249;241;207m▀[38;2;248;240;205m[48;2;249;242;208m▀[38;2;250;242;208m[48;2;249;242;208m▀[38;2;244;226;177m[48;2;250;243;211m▀[38;2;240;213;151m[48;2;245;227;178m▀[38;2;241;213;153m[48;2;243;220;165m▀[38;2;241;213;152m[48;2;243;220;165m▀[38;2;241;215;155m[48;2;245;227;178m▀[38;2;241;216;158m[48;2;250;245;211m▀[38;2;246;233;191m[48;2;249;241;206m▀[38;2;255;255;211m[48;2;247;230;193m▀[38;2;165;148;123m[48;2;252;236;190m▀[38;2;63;56;65m[48;2;241;207;149m▀[38;2;80;76;80m[48;2;242;212;155m▀[38;2;176;137;72m[48;2;232;198;129m▀[38;2;216;164;73m[48;2;224;182;121m▀[38;2;239;198;122m[48;2;255;220;153m▀[38;2;110;107;101m[48;2;119;105;90m▀[49m[38;2;15;28;60m▀[38;2;170;134;79m[48;2;64;75;92m▀[38;2;249;191;84m[48;2;137;111;74m▀[38;2;130;106;67m[48;2;81;77;76m▀[0m[0m
[0m [49m[38;2;109;114;120m▀[38;2;130;116;112m[48;2;0;10;51m▀[38;2;240;233;206m[48;2;213;198;167m▀[38;2;244;224;172m[48;2;245;220;168m▀[38;2;236;210;154m[48;2;214;164;92m▀[38;2;248;234;190m[48;2;239;218;166m▀[38;2;247;236;196m[48;2;250;242;208m▀[38;2;249;242;207m[48;2;249;243;209m▀[38;2;249;241;205m[48;2;249;241;205m▀[38;2;249;241;206m[48;2;250;244;210m▀[38;2;249;240;202m[48;2;246;233;194m▀[38;2;247;232;188m[48;2;230;197;136m▀[38;2;247;234;191m[48;2;236;209;154m▀[38;2;247;233;189m[48;2;236;207;152m▀[38;2;250;243;210m[48;2;251;246;214m▀[38;2;249;242;207m[48;2;248;240;203m▀[38;2;249;241;207m[48;2;249;241;206m▀[38;2;250;244;211m[48;2;250;244;210m▀[38;2;243;221;181m[48;2;245;227;188m▀[38;2;244;225;182m[48;2;226;186;124m▀[38;2;230;188;132m[48;2;216;168;94m▀[38;2;241;216;165m[48;2;239;209;150m▀[38;2;243;218;158m[48;2;242;217;159m▀[38;2;229;188;126m[48;2;234;200;140m▀[38;2;229;189;139m[48;2;230;193;136m▀[38;2;253;228;168m[48;2;254;225;161m▀[38;2;183;157;116m[48;2;133;120;105m▀[49m[38;2;47;40;52m▀[0m [0m [0m [0m [0m[0m
[0m [0m [0m [49m[38;2;125;119;112m▀[38;2;247;218;164m[48;2;223;202;157m▀[38;2;245;227;190m[48;2;250;221;167m▀[38;2;248;239;205m[48;2;247;241;208m▀[38;2;248;239;202m[48;2;248;239;202m▀[38;2;246;233;193m[48;2;232;198;140m▀[38;2;250;242;206m[48;2;237;210;156m▀[38;2;248;236;198m[48;2;250;235;192m▀[38;2;250;243;211m[48;2;255;255;221m▀[38;2;239;218;171m[48;2;250;243;207m▀[38;2;231;195;139m[48;2;248;240;203m▀[38;2;248;236;203m[48;2;250;243;208m▀[38;2;249;242;206m[48;2;249;239;204m▀[38;2;250;243;210m[48;2;247;235;195m▀[38;2;248;238;202m[48;2;245;224;185m▀[38;2;248;235;198m[48;2;234;192;141m▀[38;2;251;248;215m[48;2;247;236;194m▀[38;2;244;225;186m[48;2;242;216;161m▀[38;2;238;208;148m[48;2;253;227;164m▀[38;2;241;214;152m[48;2;255;231;170m▀[38;2;242;221;166m[48;2;231;188;130m▀[38;2;241;218;164m[48;2;237;198;142m▀[38;2;246;224;161m[48;2;252;227;163m▀[38;2;241;202;148m[48;2;142;123;108m▀[38;2;119;101;88m[48;2;114;103;93m▀[49m[38;2;96;96;97m▄[0m [0m [0m [0m [0m[0m
[0m [0m [0m [0m [49m[38;2;175;168;155m▀[38;2;211;182;148m[48;2;181;180;167m▀[38;2;255;231;174m[48;2;116;99;100m▀[38;2;248;233;188m[48;2;216;190;138m▀[38;2;239;216;163m[48;2;249;225;164m▀[38;2;243;220;166m[48;2;252;249;217m▀[38;2;252;247;216m[48;2;249;242;208m▀[38;2;249;241;210m[48;2;249;242;208m▀[38;2;249;241;206m[48;2;252;248;221m▀[38;2;252;245;210m[48;2;252;242;199m▀[38;2;249;242;208m[48;2;245;225;173m▀[38;2;250;243;209m[48;2;244;225;176m▀[38;2;235;200;148m[48;2;241;212;157m▀[38;2;222;185;117m[48;2;228;192;121m▀[38;2;222;175;109m[48;2;235;202;138m▀[38;2;242;215;154m[48;2;251;233;180m▀[38;2;255;230;174m[48;2;253;251;218m▀[38;2;246;234;198m[48;2;249;242;208m▀[38;2;247;238;204m[48;2;249;242;208m▀[38;2;254;231;178m[48;2;255;255;213m▀[38;2;242;209;152m[48;2;234;183;149m▀[38;2;128;120;113m[48;2;28;20;57m▀[0m [0m [0m [0m [0m [0m [0m [0m[0m
[0m [0m [0m [0m [0m [49m[38;2;0;10;51m▀[38;2;211;182;148m[48;2;0;10;51m▀[38;2;249;242;208m[48;2;211;182;148m▀[38;2;249;242;208m[48;2;249;242;208m▀[38;2;249;242;208m[48;2;249;242;208m▀[38;2;249;242;208m[48;2;249;242;208m▀[38;2;249;242;208m[48;2;249;242;208m▀[38;2;249;242;208m[48;2;249;242;208m▀[38;2;249;242;208m[48;2;249;242;208m▀[38;2;249;242;208m[48;2;249;242;208m▀[38;2;249;242;208m[48;2;249;242;208m▀[38;2;249;242;208m[48;2;249;242;208m▀[38;2;249;242;208m[48;2;249;242;208m▀[38;2;249;242;208m[48;2;249;242;208m▀[38;2;249;242;208m[48;2;249;242;208m▀[38;2;249;242;208m[48;2;249;242;208m▀[38;2;249;242;208m[48;2;249;242;208m▀[38;2;249;242;208m[48;2;211;182;148m▀[38;2;211;182;148m[48;2;0;10;51m▀[49m[38;2;0;10;51m▀[0m [0m [0m [0m [0m [0m [0m [0m [0m[0m
[0m [0m [0m [0m [0m [0m [49m[38;2;0;10;51m▄[49m[38;2;0;10;51m▀[49m[38;2;0;10;51m▀[49m[38;2;211;182;148m▀[38;2;249;242;208m[48;2;0;10;51m▀[38;2;249;242;208m[48;2;211;182;148m▀[38;2;249;242;208m[48;2;249;242;208m▀[38;2;249;242;208m[48;2;249;242;208m▀[38;2;249;242;208m[48;2;249;242;208m▀[38;2;249;242;208m[48;2;249;242;208m▀[38;2;249;242;208m[48;2;249;242;208m▀[38;2;249;242;208m[48;2;249;242;208m▀[38;2;249;242;208m[48;2;211;182;148m▀[38;2;249;242;208m[48;2;0;10;51m▀[49m[38;2;211;182;148m▀[49m[38;2;0;10;51m▀[49m[38;2;0;10;51m▀[49m[38;2;0;10;51m▄[0m [0m [0m [0m [0m [0m [0m [0m [0m [0m[0m
[0m [0m [0m [0m [0m [0m [0m [0m [0m [0m [0m [49m[38;2;0;10;51m▀[49m[38;2;0;10;51m▀[49m[38;2;0;10;51m▀[49m[38;2;0;10;51m▀[49m[38;2;0;10;51m▀[49m[38;2;0;10;51m▀[49m[38;2;0;10;51m▀[49m[38;2;0;10;51m▀[0m [0m [0m [0m [0m [0m [0m [0m [0m [0m [0m [0m [0m [0m [0m[0m
